,2907,2704,1806,1604,1016,1553,0506,0016
2907,0.0,1.19,1.03,3.22,5.47,5.49,7.32,10.69
2704,1.19,0.0,0.98,2.29,4.44,3.2,4.71,5.25
1806,1.03,0.98,0.0,1.76,3.85,4.19,5.92,5.59
1604,3.22,2.29,1.76,0.0,2.8,1.8,3.8,6.15
1016,5.47,4.44,3.85,2.8,0.0,5.82,5.3,5.22
1553,5.49,3.2,4.19,1.8,5.82,0.0,3.68,6.35
0506,7.32,4.71,5.92,3.8,5.3,3.68,0.0,4.27
0016,10.69,5.25,5.59,6.15,5.22,6.35,4.27,0.0
